#java OrderMarkers2 map=Litt_map_LOD18_JS.txt data=- chromosome=1 numThreads=10 outputPhasedData=0 families=fam81_1 informativeMask=2 randSeed=-7706501545829411801
#*** LG = 1 likelihood = -236.7544
#marker_number	male_position	female_position	( 0.0 )[	phased data]
Contig39952	107936	0.000	0.000	( 0 )
Contig7214	20645	0.000	10.034	( 0 )
Contig80054	54458	0.000	14.799	( 0 )
Contig48335	90023	0.000	14.799	( 0 )
Contig6485	1301	0.000	14.799	( 0 )
Contig39952	107415	0.000	14.799	( 0 )
Contig48118	5314	0.000	14.799	( 0 )
Contig43701	52451	0.000	14.799	( 0 )
Contig2900	4792	0.000	14.799	( 0 )
Contig39952	106451	0.000	14.799	( 0 )
Contig48335	90225	0.000	14.799	( 0 )
Contig39952	11530	0.000	14.799	( 0 )
Contig48335	90134	0.000	14.799	( 0 )
Contig47106	169483	0.000	14.799	( 0 )
Contig145795	14152	0.000	14.799	( 0 )
Contig47106	169611	0.000	14.799	( 0 )
Contig43701	10425	0.000	14.799	( 0 )
Contig11349	29572	0.000	14.799	( 0 )
Contig38683	43113	0.000	14.799	( 0 )
Contig48118	5172	0.000	14.799	( 0 )
Contig2900	4235	0.000	14.799	( 0 )
Contig44682	69519	0.000	14.799	( 0 )
Contig38683	70039	0.000	14.799	( 0 )
Contig80054	54694	0.000	14.799	( 0 )
Contig1514	45262	0.000	14.799	( 0 )
Contig39952	9400	0.000	14.799	( 0 )
Contig49234	8020	0.000	14.799	( 0 )
Contig727	12136	0.000	14.799	( 0 )
Contig163991	1815	0.000	14.799	( 0 )
Contig39952	106971	0.000	14.799	( 0 )
Contig215797	25316	0.000	14.799	( 0 )
Contig1239	55919	0.000	14.799	( 0 )
Contig39952	11658	0.000	14.799	( 0 )
Contig180066	6732	0.000	14.799	( 0 )
Contig57232	7948	0.000	14.799	( 0 )
Contig49459	2079	0.000	14.799	( 0 )
Contig50304	46436	0.000	14.799	( 0 )
Contig5509	32936	0.000	14.799	( 0 )
Contig39952	10363	0.000	14.799	( 0 )
Contig52793	85101	0.000	14.799	( 0 )
Contig56789	56840	0.000	14.799	( 0 )
Contig52793	85037	0.000	14.799	( 0 )
Contig2900	5492	0.000	14.799	( 0 )
Contig47106	169346	0.000	14.799	( 0 )
Contig73388	7237	0.000	14.799	( 0 )
Contig7214	20879	0.000	14.799	( 0 )
Contig47106	169794	0.000	14.799	( 0 )
Contig39952	107893	0.000	14.799	( 0 )
Contig39952	106998	0.000	14.799	( 0 )
Contig39405	60600	0.000	14.799	( 0 )
Contig39952	13020	0.000	14.799	( 0 )
Contig39952	107365	0.000	14.799	( 0 )
Contig6548	71371	0.000	14.799	( 0 )
Contig38683	69674	0.000	14.799	( 0 )
Contig50304	46447	0.000	14.799	( 0 )
Contig7214	3612	0.000	14.799	( 0 )
Contig2900	5388	0.000	14.799	( 0 )
Contig50304	46530	0.000	14.799	( 0 )
Contig11035	41029	0.000	14.799	( 0 )
Contig84748	87188	0.000	14.799	( 0 )
Contig50304	46712	0.000	14.799	( 0 )
Contig11035	40967	0.000	14.799	( 0 )
Contig39952	107510	0.000	14.799	( 0 )
Contig39952	107237	0.000	14.799	( 0 )
Contig1084	24679	0.000	14.799	( 0 )
Contig40305	110716	0.000	14.799	( 0 )
Contig575	40997	0.000	14.799	( 0 )
Contig39405	83597	0.000	14.799	( 0 )
Contig48335	89989	0.000	14.799	( 0 )
Contig52793	85086	0.000	14.799	( 0 )
Contig47300	40174	0.000	14.799	( 0 )
Contig145795	14277	0.000	14.799	( 0 )
Contig39952	106884	0.000	14.799	( 0 )
Contig39952	9316	0.000	14.799	( 0 )
Contig215797	25308	0.000	14.799	( 0 )
Contig39952	9188	0.000	14.799	( 0 )
Contig40643	9878	0.000	14.799	( 0 )
Contig57232	8089	0.000	14.799	( 0 )
Contig64854	4922	0.000	14.799	( 0 )
Contig40643	80312	0.000	14.799	( 0 )
Contig39952	106861	0.000	14.799	( 0 )
Contig42285	35190	0.000	14.799	( 0 )
Contig40305	180997	0.000	14.799	( 0 )
Contig7214	20812	0.000	14.799	( 0 )
Contig44682	69750	0.000	14.799	( 0 )
Contig575	182257	0.000	14.799	( 0 )
Contig2900	5067	0.000	14.799	( 0 )
Contig43701	52161	0.000	14.799	( 0 )
Contig47106	169737	0.000	14.799	( 0 )
Contig2900	5263	0.000	14.799	( 0 )
Contig57232	8084	0.000	14.799	( 0 )
Contig47106	169284	0.000	14.799	( 0 )
Contig42548	42159	0.000	14.799	( 0 )
Contig39326	22495	0.000	14.799	( 0 )
Contig52793	84906	0.000	14.799	( 0 )
Contig708	102184	0.000	14.799	( 0 )
Contig40643	10698	0.000	14.799	( 0 )
Contig39952	12560	0.000	14.799	( 0 )
Contig39952	106655	0.000	14.799	( 0 )
Contig48335	89990	0.000	14.799	( 0 )
Contig43885	40977	0.000	14.799	( 0 )
Contig49637	8675	0.000	14.799	( 0 )
Contig47106	169429	0.000	14.799	( 0 )
Contig48335	90157	0.000	14.799	( 0 )
Contig39405	83643	0.000	14.799	( 0 )
Contig145795	14124	0.000	14.799	( 0 )
Contig46464	18943	0.000	14.799	( 0 )
Contig40643	10249	0.000	14.799	( 0 )
Contig38683	69957	0.000	14.799	( 0 )
Contig65781	1140	0.000	14.799	( 0 )
Contig2299	1389	0.000	14.799	( 0 )
Contig62391	14455	0.000	14.799	( 0 )
Contig48335	90200	0.000	14.799	( 0 )
Contig39326	22594	0.000	14.799	( 0 )
Contig39952	107515	0.000	14.799	( 0 )
Contig39952	107213	0.000	14.799	( 0 )
Contig38683	69713	0.000	14.799	( 0 )
Contig59096	9821	0.000	14.799	( 0 )
Contig40643	9925	0.000	14.799	( 0 )
Contig60652	8886	0.000	14.799	( 0 )
Contig64501	48854	0.000	14.799	( 0 )
Contig43885	40930	0.000	14.799	( 0 )
Contig64501	48837	0.000	14.799	( 0 )
Contig575	40998	0.000	14.799	( 0 )
Contig44682	69546	0.000	14.799	( 0 )
Contig6485	1274	0.000	14.799	( 0 )
Contig73485	24057	0.000	14.799	( 0 )
Contig2900	4769	0.000	14.799	( 0 )
Contig6548	71635	0.000	14.799	( 0 )
Contig47106	169770	0.000	14.799	( 0 )
Contig38683	69858	0.000	14.799	( 0 )
Contig5509	35876	0.000	14.799	( 0 )
Contig11035	40990	0.000	14.799	( 0 )
Contig47300	40159	0.000	14.799	( 0 )
Contig727	12001	0.000	14.799	( 0 )
Contig46464	36168	0.000	14.799	( 0 )
Contig48118	5450	0.000	14.799	( 0 )
Contig39952	11204	0.000	14.799	( 0 )
Contig2900	5389	0.000	14.799	( 0 )
Contig708	102250	0.000	14.799	( 0 )
Contig38683	69847	0.000	14.799	( 0 )
Contig39952	106605	0.000	14.799	( 0 )
Contig39952	107092	0.000	14.799	( 0 )
Contig38683	70030	0.000	14.799	( 0 )
Contig52793	84904	0.000	14.799	( 0 )
Contig39952	106613	0.000	14.799	( 0 )
Contig2299	1342	0.000	14.799	( 0 )
Contig39952	70566	0.000	14.799	( 0 )
Contig64854	4963	0.000	14.799	( 0 )
Contig39405	60438	0.000	14.799	( 0 )
Contig42285	29250	0.000	14.799	( 0 )
Contig79081	7161	0.000	14.799	( 0 )
Contig43885	41045	0.000	14.799	( 0 )
Contig47300	40312	0.000	14.799	( 0 )
Contig43885	40932	0.000	14.799	( 0 )
Contig54868	2888	0.000	14.799	( 0 )
Contig39952	11640	0.000	14.799	( 0 )
Contig40643	10288	0.000	14.799	( 0 )
Contig708	102230	0.000	14.799	( 0 )
Contig727	12206	0.000	14.799	( 0 )
Contig727	12134	0.000	14.799	( 0 )
Contig41974	116095	0.000	14.799	( 0 )
Contig7214	3714	0.000	14.799	( 0 )
Contig50304	46455	0.000	14.799	( 0 )
Contig18559	3822	0.000	14.799	( 0 )
Contig48335	90170	0.000	14.799	( 0 )
Contig38275	18166	0.000	14.799	( 0 )
Contig47106	169626	0.000	14.799	( 0 )
Contig2900	5700	0.000	14.799	( 0 )
Contig1514	45276	0.000	14.799	( 0 )
Contig39952	11885	0.000	14.799	( 0 )
Contig1084	24704	0.000	14.799	( 0 )
Contig38683	43158	0.000	14.799	( 0 )
Contig49637	8826	0.000	14.799	( 0 )
Contig39952	107018	0.000	14.799	( 0 )
Contig2900	5153	0.000	14.799	( 0 )
Contig708	102107	0.000	14.799	( 0 )
Contig38683	69770	0.000	14.799	( 0 )
Contig48271	8345	0.000	14.799	( 0 )
Contig2299	1396	0.000	14.799	( 0 )
Contig47106	169603	0.000	14.799	( 0 )
Contig43701	52409	0.000	14.799	( 0 )
Contig44682	69552	0.000	14.799	( 0 )
Contig5755	79192	0.000	14.799	( 0 )
Contig64501	48615	0.000	14.799	( 0 )
Contig62391	14469	0.000	14.799	( 0 )
Contig727	12000	0.000	14.799	( 0 )
Contig2900	5433	0.000	14.799	( 0 )
Contig40643	10201	0.000	14.799	( 0 )
Contig48118	5737	0.000	14.799	( 0 )
Contig43552	12629	0.000	14.799	( 0 )
Contig39952	107377	0.000	14.799	( 0 )
Contig38683	69843	0.000	14.799	( 0 )
Contig56789	57037	0.000	14.799	( 0 )
Contig7214	20895	0.000	14.799	( 0 )
Contig7214	20661	0.000	14.799	( 0 )
Contig64854	4815	0.000	14.799	( 0 )
Contig42548	6515	0.000	14.799	( 0 )
Contig1084	24604	0.000	14.799	( 0 )
Contig39952	106769	0.000	14.799	( 0 )
Contig39952	11968	0.000	14.799	( 0 )
Contig39952	106438	0.000	14.799	( 0 )
Contig57232	7855	0.000	14.799	( 0 )
Contig38275	18141	0.000	14.799	( 0 )
Contig50047	5571	0.000	14.799	( 0 )
Contig39405	60701	0.000	14.799	( 0 )
Contig73485	24098	0.000	14.799	( 0 )
Contig39952	106795	0.000	14.799	( 0 )
Contig42285	10004	0.000	14.799	( 0 )
Contig44682	69827	0.000	14.799	( 0 )
Contig180066	6676	0.000	14.799	( 0 )
Contig2900	4349	0.000	14.799	( 0 )
Contig52793	85158	0.000	14.799	( 0 )
Contig39952	106885	0.000	14.799	( 0 )
Contig43885	40931	0.000	14.799	( 0 )
Contig50304	46671	0.000	14.799	( 0 )
Contig2900	5204	0.000	14.799	( 0 )
Contig39405	60781	0.000	14.799	( 0 )
Contig39952	106785	0.000	14.799	( 0 )
Contig39952	9800	0.000	14.799	( 0 )
Contig38683	43149	0.000	14.799	( 0 )
Contig43885	41014	0.000	14.799	( 0 )
Contig56789	57031	0.000	14.799	( 0 )
Contig39952	106999	0.000	14.799	( 0 )
Contig56789	56889	0.000	14.799	( 0 )
Contig43885	40937	0.000	14.799	( 0 )
Contig2900	4785	0.000	14.799	( 0 )
Contig38683	43073	0.000	14.799	( 0 )
Contig47300	40274	0.000	14.799	( 0 )
Contig52793	84927	0.000	14.799	( 0 )
Contig40643	10817	0.000	14.799	( 0 )
Contig39952	9746	0.000	14.799	( 0 )
Contig110558	11987	0.000	14.799	( 0 )
Contig708	102087	0.000	14.799	( 0 )
Contig727	12100	0.000	14.799	( 0 )
Contig40643	80341	0.000	14.799	( 0 )
Contig48271	8393	0.000	14.799	( 0 )
Contig2900	5258	0.000	14.799	( 0 )
Contig62391	14451	0.000	14.799	( 0 )
Contig5509	35822	0.000	14.799	( 0 )
Contig6485	1397	0.000	14.799	( 0 )
Contig57232	8141	0.000	14.799	( 0 )
Contig39952	10135	0.000	14.799	( 0 )
Contig52793	84997	0.000	14.799	( 0 )
Contig73388	6794	0.000	14.799	( 0 )
Contig11349	29571	0.000	14.799	( 0 )
Contig39952	9579	0.000	14.799	( 0 )
Contig39952	107098	0.000	14.799	( 0 )
Contig100169	2493	0.000	14.799	( 0 )
Contig54868	2837	0.000	14.799	( 0 )
Contig5509	35791	0.000	14.799	( 0 )
Contig2900	5479	0.000	14.799	( 0 )
Contig39952	107850	0.000	14.799	( 0 )
Contig39405	83651	0.000	14.799	( 0 )
Contig56789	56968	0.000	14.799	( 0 )
Contig43552	12332	0.000	14.799	( 0 )
Contig2900	4447	0.000	14.799	( 0 )
Contig2900	4749	0.000	14.799	( 0 )
Contig43885	41020	0.000	14.799	( 0 )
Contig62391	14448	0.000	14.799	( 0 )
Contig43885	41000	0.000	14.799	( 0 )
Contig42285	35423	0.000	14.799	( 0 )
Contig727	12028	0.000	14.799	( 0 )
Contig11035	40830	0.000	14.799	( 0 )
Contig39405	60543	0.000	14.799	( 0 )
Contig42285	29260	0.000	14.799	( 0 )
Contig51893	222361	0.000	14.799	( 0 )
Contig110558	18700	0.000	14.799	( 0 )
Contig39952	107573	0.000	14.799	( 0 )
Contig39952	106591	0.000	14.799	( 0 )
Contig42285	35150	0.000	14.799	( 0 )
Contig49637	8776	0.000	14.799	( 0 )
Contig1084	24639	0.000	14.799	( 0 )
Contig40305	180860	0.000	14.799	( 0 )
Contig48335	90112	0.000	14.799	( 0 )
Contig42285	29124	0.000	14.799	( 0 )
Contig40643	11033	0.000	14.799	( 0 )
Contig2900	5670	0.000	14.799	( 0 )
Contig5509	35804	0.000	14.799	( 0 )
Contig575	41104	0.000	14.799	( 0 )
Contig7214	20655	0.000	14.799	( 0 )
Contig110558	11949	0.000	14.799	( 0 )
Contig2900	4659	0.000	14.799	( 0 )
Contig39952	70586	0.000	14.799	( 0 )
Contig48118	5739	0.000	14.799	( 0 )
Contig39952	107548	0.000	14.799	( 0 )
Contig42285	29279	0.000	14.799	( 0 )
Contig2900	4860	0.000	14.799	( 0 )
Contig43885	40760	0.000	19.565	( 0 )
Contig45396	77449	0.000	24.330	( 0 )
Contig45396	77438	0.000	24.330	( 0 )
Contig5081	5569	0.000	29.096	( 0 )
Contig4777	37172	0.000	29.096	( 0 )
Contig4777	66132	0.000	29.096	( 0 )
Contig5081	5757	0.000	29.096	( 0 )
Contig5081	5855	0.000	29.096	( 0 )
Contig5081	5906	0.000	29.096	( 0 )
Contig5081	5812	0.000	29.096	( 0 )
Contig4777	37537	0.000	29.096	( 0 )
Contig5081	6396	0.000	29.096	( 0 )
Contig5081	6025	0.000	29.096	( 0 )
Contig5081	6750	0.000	29.096	( 0 )
Contig5081	5969	0.000	29.096	( 0 )
Contig5081	6469	0.000	29.096	( 0 )
Contig5081	5962	0.000	29.096	( 0 )
Contig5081	5894	0.000	29.096	( 0 )
Contig5081	5792	0.000	29.096	( 0 )
Contig4777	65766	0.000	29.096	( 0 )
Contig5081	6047	0.000	29.096	( 0 )
Contig5081	5538	0.000	29.096	( 0 )
Contig4777	66343	0.000	29.096	( 0 )
Contig38975	13420	0.000	33.861	( 0 )
Contig7138	24561	0.000	33.861	( 0 )
Contig2570	77538	0.000	33.861	( 0 )
Contig1439	929	0.000	33.861	( 0 )
Contig1201	39935	0.000	33.861	( 0 )
Contig39066	23152	0.000	33.861	( 0 )
Contig64133	7680	0.000	33.861	( 0 )
Contig10585	38206	0.000	33.861	( 0 )
Contig43094	32904	0.000	33.861	( 0 )
Contig2570	23859	0.000	33.861	( 0 )
Contig1439	36186	0.000	33.861	( 0 )
Contig6148	7665	0.000	33.861	( 0 )
Contig38819	71115	0.000	33.861	( 0 )
Contig10585	38214	0.000	33.861	( 0 )
Contig44845	4923	0.000	33.861	( 0 )
Contig44845	4835	0.000	33.861	( 0 )
Contig10585	38376	0.000	33.861	( 0 )
Contig64133	7694	0.000	33.861	( 0 )
Contig38975	13746	0.000	33.861	( 0 )
Contig64133	7733	0.000	33.861	( 0 )
Contig10585	38517	0.000	33.861	( 0 )
Contig10585	37178	0.000	33.861	( 0 )
Contig64133	7675	0.000	33.861	( 0 )
Contig44845	4901	0.000	33.861	( 0 )
Contig1439	950	0.000	33.861	( 0 )
Contig10585	36807	0.000	33.861	( 0 )
Contig2742	9396	0.000	33.861	( 0 )
Contig153320	11271	0.000	33.861	( 0 )
Contig7138	24774	0.000	33.861	( 0 )
Contig153320	11277	0.000	33.861	( 0 )
Contig44845	4984	0.000	33.861	( 0 )
Contig7138	24684	0.000	33.861	( 0 )
Contig178746	392	0.000	33.861	( 0 )
Contig38819	71176	0.000	33.861	( 0 )
Contig44845	4793	0.000	33.861	( 0 )
Contig44552	16274	0.000	33.861	( 0 )
Contig44845	4808	0.000	33.861	( 0 )
Contig7138	24786	0.000	33.861	( 0 )
Contig7138	24714	0.000	33.861	( 0 )
Contig1439	36116	0.000	33.861	( 0 )
Contig44845	4817	0.000	33.861	( 0 )
Contig153320	11275	0.000	33.861	( 0 )
Contig10585	38958	0.000	33.861	( 0 )
Contig165	69601	0.000	38.627	( 0 )
Contig647	63966	0.000	38.627	( 0 )
Contig50637	25808	0.000	38.627	( 0 )
Contig94691	51698	0.000	38.627	( 0 )
Contig51815	25721	0.000	38.627	( 0 )
Contig51815	25740	0.000	38.627	( 0 )
Contig51815	25739	0.000	38.627	( 0 )
Contig94691	71950	0.000	38.627	( 0 )
Contig94691	71926	0.000	38.627	( 0 )
Contig51815	25646	0.000	38.627	( 0 )
Contig647	64128	0.000	38.627	( 0 )
Contig54432	12608	0.000	38.627	( 0 )
Contig44361	66903	0.000	38.627	( 0 )
Contig54432	12648	0.000	38.627	( 0 )
Contig54432	12467	0.000	38.627	( 0 )
Contig50637	25816	0.000	38.627	( 0 )
Contig94691	71947	0.000	38.627	( 0 )
Contig44361	66948	0.000	38.627	( 0 )
Contig51815	25705	0.000	38.627	( 0 )
Contig1736	69617	0.000	38.627	( 0 )
Contig1736	69667	0.000	38.627	( 0 )
Contig94691	51845	0.000	38.627	( 0 )
Contig8354	16573	0.000	38.627	( 0 )
Contig8354	16544	0.000	38.627	( 0 )
Contig94691	71946	0.000	38.627	( 0 )
Contig647	64122	0.000	38.627	( 0 )
Contig52721	25268	0.000	38.627	( 0 )
Contig51815	25719	0.000	38.627	( 0 )
Contig8354	16569	0.000	38.627	( 0 )
Contig8354	16621	0.000	38.627	( 0 )
Contig94691	51539	0.000	38.627	( 0 )
Contig63655	74621	0.000	43.392	( 0 )
Contig3300	42963	0.000	48.158	( 0 )
Contig3300	44125	0.000	48.158	( 0 )
Contig42085	12879	0.000	48.158	( 0 )
Contig25335	12039	0.000	48.158	( 0 )
Contig121582	6887	0.000	48.158	( 0 )
Contig3300	43927	0.000	48.158	( 0 )
Contig46643	95264	0.000	48.158	( 0 )
Contig3300	44211	0.000	48.158	( 0 )
Contig49747	19880	0.000	48.158	( 0 )
Contig42085	4166	0.000	48.158	( 0 )
Contig3300	43112	0.000	48.158	( 0 )
Contig46643	5826	0.000	48.158	( 0 )
Contig3300	43808	0.000	48.158	( 0 )
Contig46643	95184	0.000	48.158	( 0 )
Contig1437	44381	0.000	48.158	( 0 )
Contig39222	85104	0.000	48.158	( 0 )
Contig3300	42579	0.000	48.158	( 0 )
Contig3300	44154	0.000	48.158	( 0 )
Contig73966	71159	0.000	48.158	( 0 )
Contig3300	44234	0.000	48.158	( 0 )
Contig3300	42620	0.000	48.158	( 0 )
Contig121582	6896	0.000	48.158	( 0 )
Contig49747	20158	0.000	48.158	( 0 )
Contig46643	95130	0.000	48.158	( 0 )
Contig39222	192984	0.000	48.158	( 0 )
Contig43592	62177	0.000	48.158	( 0 )
Contig25335	11949	0.000	48.158	( 0 )
Contig3300	43819	0.000	48.158	( 0 )
Contig3300	44172	0.000	48.158	( 0 )
Contig42085	12883	0.000	48.158	( 0 )
Contig3300	44640	0.000	48.158	( 0 )
Contig3300	42658	0.000	48.158	( 0 )
Contig3300	44153	0.000	48.158	( 0 )
Contig49747	20113	0.000	48.158	( 0 )
Contig73966	71175	0.000	48.158	( 0 )
Contig8136	22708	0.000	48.158	( 0 )
Contig3300	43056	0.000	48.158	( 0 )
Contig3300	43817	0.000	48.158	( 0 )
Contig39222	85069	0.000	48.158	( 0 )
Contig1437	44334	0.000	48.158	( 0 )
Contig3300	44641	0.000	48.158	( 0 )
Contig3300	44623	0.000	48.158	( 0 )
Contig3300	43815	0.000	48.158	( 0 )
Contig44525	7628	0.000	52.923	( 0 )
Contig53821	44813	0.000	52.923	( 0 )
Contig47007	79102	0.000	52.923	( 0 )
Contig44378	7017	0.000	52.923	( 0 )
Contig5899	88910	0.000	52.923	( 0 )
Contig5899	89024	0.000	52.923	( 0 )
Contig40216	60846	0.000	52.923	( 0 )
Contig43298	13887	0.000	52.923	( 0 )
Contig50946	17255	0.000	52.923	( 0 )
Contig44525	15138	0.000	52.923	( 0 )
Contig44525	7680	0.000	52.923	( 0 )
Contig200935	218	0.000	52.923	( 0 )
Contig114241	2569	0.000	52.923	( 0 )
Contig1079	35106	0.000	52.923	( 0 )
Contig2620	39357	0.000	52.923	( 0 )
Contig16127	17555	0.000	52.923	( 0 )
Contig47949	205132	0.000	52.923	( 0 )
Contig49880	20891	0.000	52.923	( 0 )
Contig50946	17256	0.000	52.923	( 0 )
Contig59460	3662	0.000	52.923	( 0 )
Contig100589	4804	0.000	52.923	( 0 )
Contig100627	5554	0.000	52.923	( 0 )
Contig84357	38673	0.000	52.923	( 0 )
Contig1975	44066	0.000	52.923	( 0 )
Contig135738	9360	0.000	52.923	( 0 )
Contig43955	22553	0.000	52.923	( 0 )
Contig2620	39453	0.000	52.923	( 0 )
Contig2969	94040	0.000	52.923	( 0 )
Contig3617	35020	0.000	52.923	( 0 )
Contig70941	2395	0.000	52.923	( 0 )
Contig51549	54480	0.000	52.923	( 0 )
Contig69156	160125	0.000	52.923	( 0 )
Contig7013	740	0.000	52.923	( 0 )
Contig41684	79181	0.000	52.923	( 0 )
Contig41025	57530	0.000	52.923	( 0 )
Contig45386	25223	0.000	52.923	( 0 )
Contig41579	57829	0.000	52.923	( 0 )
Contig39282	6760	0.000	52.923	( 0 )
Contig56970	56805	0.000	52.923	( 0 )
Contig55632	21306	0.000	52.923	( 0 )
Contig86618	2598	0.000	52.923	( 0 )
Contig41949	8881	0.000	52.923	( 0 )
Contig47949	205118	0.000	52.923	( 0 )
Contig51549	54396	0.000	52.923	( 0 )
Contig6134	61883	0.000	52.923	( 0 )
Contig39282	6890	0.000	52.923	( 0 )
Contig45386	25166	0.000	52.923	( 0 )
Contig39132	61517	0.000	52.923	( 0 )
Contig7013	747	0.000	52.923	( 0 )
Contig5899	89016	0.000	52.923	( 0 )
Contig59128	59743	0.000	52.923	( 0 )
Contig56066	9660	0.000	52.923	( 0 )
Contig1818	26355	0.000	52.923	( 0 )
Contig47949	205161	0.000	52.923	( 0 )
Contig6897	6411	0.000	52.923	( 0 )
Contig112312	16032	0.000	52.923	( 0 )
Contig141918	4801	0.000	52.923	( 0 )
Contig47007	79036	0.000	52.923	( 0 )
Contig51549	54262	0.000	52.923	( 0 )
Contig55632	21400	0.000	52.923	( 0 )
Contig39282	6730	0.000	52.923	( 0 )
Contig39476	7027	0.000	52.923	( 0 )
Contig62849	1041	0.000	52.923	( 0 )
Contig40216	60878	0.000	52.923	( 0 )
Contig67097	10164	0.000	52.923	( 0 )
Contig39132	165390	0.000	52.923	( 0 )
Contig38243	13380	0.000	52.923	( 0 )
Contig58471	21118	0.000	52.923	( 0 )
Contig70941	2293	0.000	52.923	( 0 )
Contig44378	6993	0.000	52.923	( 0 )
Contig84294	1336	0.000	52.923	( 0 )
Contig74139	20903	0.000	52.923	( 0 )
Contig39132	165455	0.000	52.923	( 0 )
Contig49608	27849	0.000	52.923	( 0 )
Contig39282	7032	0.000	52.923	( 0 )
Contig70941	2227	0.000	52.923	( 0 )
Contig63837	21565	0.000	52.923	( 0 )
Contig42423	40339	0.000	52.923	( 0 )
Contig50369	6535	0.000	52.923	( 0 )
Contig58145	38040	0.000	52.923	( 0 )
Contig50946	17226	0.000	52.923	( 0 )
Contig48638	8538	0.000	52.923	( 0 )
Contig69156	160153	0.000	52.923	( 0 )
Contig47007	79026	0.000	52.923	( 0 )
Contig70941	2461	0.000	52.923	( 0 )
Contig55632	21399	0.000	52.923	( 0 )
Contig41949	8977	0.000	52.923	( 0 )
Contig71852	2315	0.000	52.923	( 0 )
Contig100627	5380	0.000	52.923	( 0 )
Contig6897	6415	0.000	52.923	( 0 )
Contig7013	596	0.000	52.923	( 0 )
Contig6897	6428	0.000	52.923	( 0 )
Contig38549	32467	0.000	52.923	( 0 )
Contig69156	160089	0.000	52.923	( 0 )
Contig59685	3204	0.000	52.923	( 0 )
Contig44378	7140	0.000	52.923	( 0 )
Contig2969	107921	0.000	52.923	( 0 )
Contig1975	44005	0.000	52.923	( 0 )
Contig39282	6960	0.000	52.923	( 0 )
Contig7013	546	0.000	52.923	( 0 )
Contig40216	60826	0.000	52.923	( 0 )
Contig7013	574	0.000	52.923	( 0 )
Contig41463	36338	0.000	52.923	( 0 )
Contig39615	22394	0.000	52.923	( 0 )
Contig69156	160143	0.000	52.923	( 0 )
Contig51711	13148	0.000	52.923	( 0 )
Contig60345	45256	0.000	52.923	( 0 )
Contig1079	47627	0.000	52.923	( 0 )
Contig74139	20794	0.000	52.923	( 0 )
Contig69252	4452	0.000	52.923	( 0 )
Contig42711	11941	0.000	52.923	( 0 )
Contig6134	61844	0.000	52.923	( 0 )
Contig133413	2245	0.000	52.923	( 0 )
Contig41579	58146	0.000	52.923	( 0 )
Contig100573	7416	0.000	52.923	( 0 )
Contig70941	2378	0.000	52.923	( 0 )
Contig130	16893	0.000	52.923	( 0 )
Contig59460	3526	0.000	52.923	( 0 )
Contig50217	13084	0.000	52.923	( 0 )
Contig41579	49107	0.000	52.923	( 0 )
Contig114241	2547	0.000	52.923	( 0 )
Contig70941	2460	0.000	52.923	( 0 )
Contig56970	56858	0.000	52.923	( 0 )
Contig5899	89033	0.000	52.923	( 0 )
Contig3617	35112	0.000	52.923	( 0 )
Contig73460	49775	0.000	52.923	( 0 )
Contig74139	20796	0.000	52.923	( 0 )
Contig7013	609	0.000	52.923	( 0 )
Contig84294	1162	0.000	52.923	( 0 )
Contig86618	2503	0.000	52.923	( 0 )
Contig67097	10166	0.000	52.923	( 0 )
Contig44209	65058	0.000	52.923	( 0 )
Contig4501	2407	0.000	52.923	( 0 )
Contig40216	60842	0.000	52.923	( 0 )
Contig60614	13330	0.000	52.923	( 0 )
Contig49999	70248	0.000	52.923	( 0 )
Contig75515	10594	0.000	52.923	( 0 )
Contig5899	89100	0.000	52.923	( 0 )
Contig60235	7754	0.000	52.923	( 0 )
Contig41463	36556	0.000	52.923	( 0 )
Contig171892	6952	0.000	52.923	( 0 )
Contig221	27419	0.000	52.923	( 0 )
Contig74069	20151	0.000	52.923	( 0 )
Contig51711	12863	0.000	52.923	( 0 )
Contig49608	27809	0.000	52.923	( 0 )
Contig60614	13327	0.000	52.923	( 0 )
Contig48638	8498	0.000	52.923	( 0 )
Contig2620	39255	0.000	52.923	( 0 )
Contig74139	20789	0.000	52.923	( 0 )
Contig42711	11995	0.000	52.923	( 0 )
Contig3617	35052	0.000	52.923	( 0 )
Contig41463	20738	0.000	52.923	( 0 )
Contig38297	25545	0.000	52.923	( 0 )
Contig49608	27866	0.000	52.923	( 0 )
Contig7013	648	0.000	52.923	( 0 )
Contig100589	5153	0.000	52.923	( 0 )
Contig66299	15892	0.000	52.923	( 0 )
Contig73966	71277	0.000	52.923	( 0 )
Contig60235	7734	0.000	52.923	( 0 )
Contig53469	42767	0.000	52.923	( 0 )
Contig82875	30276	0.000	52.923	( 0 )
Contig6134	61766	0.000	52.923	( 0 )
Contig2969	107856	0.000	52.923	( 0 )
Contig39132	72322	0.000	52.923	( 0 )
Contig74069	20175	0.000	52.923	( 0 )
Contig47502	87964	0.000	52.923	( 0 )
Contig62849	1170	0.000	52.923	( 0 )
Contig4501	2585	0.000	52.923	( 0 )
Contig53821	44805	0.000	52.923	( 0 )
Contig69611	13308	0.000	52.923	( 0 )
Contig56970	57018	0.000	52.923	( 0 )
Contig7013	666	0.000	52.923	( 0 )
Contig4847	95296	0.000	52.923	( 0 )
Contig100589	5122	0.000	52.923	( 0 )
Contig59460	3669	0.000	52.923	( 0 )
Contig58145	38060	0.000	52.923	( 0 )
Contig4847	102094	0.000	52.923	( 0 )
Contig60614	13331	0.000	52.923	( 0 )
Contig86618	2577	0.000	52.923	( 0 )
Contig74139	20797	0.000	52.923	( 0 )
Contig51549	54393	0.000	52.923	( 0 )
Contig7013	575	0.000	52.923	( 0 )
Contig67097	10224	0.000	52.923	( 0 )
Contig59460	3490	0.000	52.923	( 0 )
Contig65875	51637	0.000	52.923	( 0 )
Contig39132	72268	0.000	52.923	( 0 )
Contig100573	7420	0.000	52.923	( 0 )
Contig69611	13303	0.000	52.923	( 0 )
Contig75515	10649	0.000	52.923	( 0 )
Contig2620	39318	0.000	52.923	( 0 )
Contig1975	43972	0.000	52.923	( 0 )
Contig59460	3551	0.000	52.923	( 0 )
Contig74069	19999	0.000	52.923	( 0 )
Contig7013	526	0.000	52.923	( 0 )
Contig41025	57317	0.000	52.923	( 0 )
Contig77521	71291	0.000	62.957	( 0 )
